Iteration 1
T at iteration 1
11 12 18 9 16 15 12 8 1 13 13 5 11 5 4 16 8 1 16 12 11 12 11 5 12 3 3 1 15 9 12 11 16 8 5 13 14 9 11 3 5 15 15 15 7 12 10 4 5 11 2 1 10 10 4 9 4 11 12 16 6 1 10 10 9 11 16 12 16 8 5 10 9 16 16 10 5 8 1 11 4 18 8 9 3 8 15 8 5 18 1 15 8 12 10 4 9 11 7 17 13 6 12 14 9 16 0
LMS prefixes are sorted.
SA at iteration 1
106 51 61 78 8 90 27 17 50 26 25 39 84 47 54 95 56 14 80 13 76 70 48 11 23 34 40 88 60 101 44 98 7 16 77 33 69 87 82 92 85 83 55 37 96 64 29 104 3 72 46 53 94 75 63 71 52 62 49 38 79 12 22 97 20 57 0 31 65 24 6 45 93 21 19 30 102 58 67 1 10 100 9 35 36 103 43 86 91 28 5 42 41 105 59 15 32 68 74 18 66 4 73 99 89 81 2
T1 at iteration 1
31 4 18 14 7 33 19 6 29 34 20 27 8 23 10 1 11 13 2 28 35 17 32 16 3 15 25 9 21 5 26 12 24 22 30 0
Iteration 1. Recursive call on T1.
********************************************
Iteration 2
T at iteration 2
31 4 18 14 7 33 19 6 29 34 20 27 8 23 10 1 11 13 2 28 35 17 32 16 3 15 25 9 21 5 26 12 24 22 30 0

********************************************
After recursive call inside iteration 1
SA1 at iteration 1 (after recursive call) is:
35 15 18 24 1 29 7 4 12 27 14 16 31 17 3 25 23 21 2 6 10 28 33 13 32 26 30 11 19 8 34 0 22 5 9 20
SA at the end of SAIS function just before the return at iteration 1
106 51 61 78 8 90 27 17 50 26 25 39 84 47 54 95 56 14 80 13 76 70 48 11 23 34 40 88 60 101 44 98 77 7 16 69 33 87 82 92 85 83 55 37 96 64 29 104 3 72 46 53 94 75 63 71 52 62 49 38 79 12 22 97 20 57 0 31 65 24 6 45 93 21 19 30 102 58 67 1 10 100 9 35 36 103 43 86 91 28 5 42 41 105 59 15 68 32 74 18 66 4 73 99 89 81 2
TBFHHWCHNCONILLLIENNLHDPNHCHTPSNEOTTTSWSCHDRDLSRWLOLOTLEAAEIAEOIODOIESGHNTIFNTNPUAEPOSHAATSEIODONTANIIGEDO
